{
 "cells": [
  {
   "cell_type": "markdown",
   "id": "11d757db",
   "metadata": {},
   "source": [
    "### Question 00\n",
    "import necessary libraries in the box below"
   ]
  },
  {
   "cell_type": "code",
   "execution_count": 42,
   "id": "3a362452",
   "metadata": {},
   "outputs": [],
   "source": [
    "import numpy as np"
   ]
  },
  {
   "cell_type": "markdown",
   "id": "d8b85575",
   "metadata": {},
   "source": [
    "### Question 01\n",
    "Create a NumPy array from [1,2,3, ..., 12]."
   ]
  },
  {
   "cell_type": "code",
   "execution_count": 43,
   "id": "90bf2a91",
   "metadata": {},
   "outputs": [],
   "source": [
    "array_01 = np.arange(1,13)"
   ]
  },
  {
   "cell_type": "markdown",
   "id": "e1b8246a",
   "metadata": {},
   "source": [
    "### Question 02\n",
    "Print the type of array array_01"
   ]
  },
  {
   "cell_type": "code",
   "execution_count": 44,
   "id": "881a813f",
   "metadata": {},
   "outputs": [
    {
     "name": "stdout",
     "output_type": "stream",
     "text": [
      "<class 'numpy.ndarray'>\n"
     ]
    }
   ],
   "source": [
    "print(type(array_01))"
   ]
  },
  {
   "cell_type": "markdown",
   "id": "310b743a",
   "metadata": {},
   "source": [
    "### Question 03\n",
    "Reshape array_01 into 3 x 4 matrix."
   ]
  },
  {
   "cell_type": "code",
   "execution_count": 45,
   "id": "4b679280",
   "metadata": {},
   "outputs": [
    {
     "data": {
      "text/plain": [
       "array([[ 1,  2,  3,  4],\n",
       "       [ 5,  6,  7,  8],\n",
       "       [ 9, 10, 11, 12]])"
      ]
     },
     "execution_count": 45,
     "metadata": {},
     "output_type": "execute_result"
    }
   ],
   "source": [
    "array_03 = array_01.reshape(3,4)\n",
    "array_03"
   ]
  },
  {
   "cell_type": "markdown",
   "id": "e2cd246a",
   "metadata": {},
   "source": [
    "### Question 04\n",
    "Get the length of the array_03."
   ]
  },
  {
   "cell_type": "code",
   "execution_count": 46,
   "id": "1e1fe852",
   "metadata": {},
   "outputs": [
    {
     "name": "stdout",
     "output_type": "stream",
     "text": [
      "12\n"
     ]
    }
   ],
   "source": [
    "print(array_03.size)"
   ]
  },
  {
   "cell_type": "markdown",
   "id": "27638d53",
   "metadata": {},
   "source": [
    "### Question 05\n",
    "Print the second element of the second row in array_03."
   ]
  },
  {
   "cell_type": "code",
   "execution_count": 47,
   "id": "2c74f784",
   "metadata": {},
   "outputs": [
    {
     "name": "stdout",
     "output_type": "stream",
     "text": [
      "6\n"
     ]
    }
   ],
   "source": [
    "print(array_03[1,1])"
   ]
  },
  {
   "cell_type": "markdown",
   "id": "5b79af29",
   "metadata": {},
   "source": [
    "### Question 06\n",
    "Multiply all elements of array_03 by 2."
   ]
  },
  {
   "cell_type": "code",
   "execution_count": 48,
   "id": "50fd8771",
   "metadata": {},
   "outputs": [
    {
     "data": {
      "text/plain": [
       "array([[ 2,  4,  6,  8],\n",
       "       [10, 12, 14, 16],\n",
       "       [18, 20, 22, 24]])"
      ]
     },
     "execution_count": 48,
     "metadata": {},
     "output_type": "execute_result"
    }
   ],
   "source": [
    "array_06 = array_03 * 2\n",
    "array_06"
   ]
  },
  {
   "cell_type": "markdown",
   "id": "4a6b7cf1",
   "metadata": {},
   "source": [
    "### Question 07\n",
    "Add 5 to all elements of array_06."
   ]
  },
  {
   "cell_type": "code",
   "execution_count": 49,
   "id": "f23b26ae",
   "metadata": {},
   "outputs": [
    {
     "name": "stdout",
     "output_type": "stream",
     "text": [
      "[[ 7  9 11 13]\n",
      " [15 17 19 21]\n",
      " [23 25 27 29]]\n"
     ]
    }
   ],
   "source": [
    "\n",
    "print(array_06 + 5)"
   ]
  },
  {
   "cell_type": "markdown",
   "id": "04d936da",
   "metadata": {},
   "source": [
    "### Question 07\n",
    "Create an array of 18 zeros."
   ]
  },
  {
   "cell_type": "code",
   "execution_count": 50,
   "id": "a869fb12",
   "metadata": {},
   "outputs": [
    {
     "data": {
      "text/plain": [
       "array([0., 0., 0., 0., 0., 0., 0., 0., 0., 0., 0., 0., 0., 0., 0., 0., 0.,\n",
       "       0.])"
      ]
     },
     "execution_count": 50,
     "metadata": {},
     "output_type": "execute_result"
    }
   ],
   "source": [
    "array_07 = np.zeros(18)\n",
    "array_07"
   ]
  },
  {
   "cell_type": "markdown",
   "id": "61d7a5b5",
   "metadata": {},
   "source": [
    "### Question 08\n",
    "Create an array of 20 fours."
   ]
  },
  {
   "cell_type": "code",
   "execution_count": 51,
   "id": "6dca1442",
   "metadata": {},
   "outputs": [
    {
     "data": {
      "text/plain": [
       "array([4., 4., 4., 4., 4., 4., 4., 4., 4., 4., 4., 4., 4., 4., 4., 4., 4.,\n",
       "       4., 4., 4.])"
      ]
     },
     "execution_count": 51,
     "metadata": {},
     "output_type": "execute_result"
    }
   ],
   "source": [
    "array_08 = np.ones(20) * 4\n",
    "array_08"
   ]
  },
  {
   "cell_type": "markdown",
   "id": "989b4591",
   "metadata": {},
   "source": [
    "### Question 09\n",
    "Create numbers from 0 to 20."
   ]
  },
  {
   "cell_type": "code",
   "execution_count": 52,
   "id": "97c48d12",
   "metadata": {},
   "outputs": [
    {
     "data": {
      "text/plain": [
       "array([ 0,  1,  2,  3,  4,  5,  6,  7,  8,  9, 10, 11, 12, 13, 14, 15, 16,\n",
       "       17, 18, 19])"
      ]
     },
     "execution_count": 52,
     "metadata": {},
     "output_type": "execute_result"
    }
   ],
   "source": [
    "array_09 = np.arange(20)\n",
    "array_09"
   ]
  },
  {
   "cell_type": "markdown",
   "id": "660ad8a4",
   "metadata": {},
   "source": [
    "### Question 10\n",
    "Create 24 random numbers between 0 and 1.\n",
    "Then, Reshape it into matrix with 6 rows."
   ]
  },
  {
   "cell_type": "code",
   "execution_count": 53,
   "id": "d4308e2d",
   "metadata": {},
   "outputs": [
    {
     "data": {
      "text/plain": [
       "array([[0.68864577, 0.78999004, 0.68794187, 0.45831356],\n",
       "       [0.72256498, 0.35739551, 0.91236613, 0.75502426],\n",
       "       [0.36346401, 0.44156632, 0.68918849, 0.70855547],\n",
       "       [0.70659892, 0.06113654, 0.72897477, 0.50201754],\n",
       "       [0.20801221, 0.70318688, 0.31630026, 0.29784693],\n",
       "       [0.38944369, 0.51565395, 0.96694978, 0.00720455]])"
      ]
     },
     "execution_count": 53,
     "metadata": {},
     "output_type": "execute_result"
    }
   ],
   "source": [
    "array_10 = np.random.random(24)\n",
    "array_10 = array_10.reshape(6,4)\n",
    "array_10"
   ]
  },
  {
   "cell_type": "markdown",
   "id": "9b3189ca",
   "metadata": {},
   "source": [
    "### Question 11\n",
    "Convert array_08 to String type."
   ]
  },
  {
   "cell_type": "code",
   "execution_count": 54,
   "id": "7e4f76af",
   "metadata": {},
   "outputs": [
    {
     "data": {
      "text/plain": [
       "array(['4.0', '4.0', '4.0', '4.0', '4.0', '4.0', '4.0', '4.0', '4.0',\n",
       "       '4.0', '4.0', '4.0', '4.0', '4.0', '4.0', '4.0', '4.0', '4.0',\n",
       "       '4.0', '4.0'], dtype='<U32')"
      ]
     },
     "execution_count": 54,
     "metadata": {},
     "output_type": "execute_result"
    }
   ],
   "source": [
    "array_11 = array_08.astype(dtype=str)\n",
    "array_11"
   ]
  },
  {
   "cell_type": "markdown",
   "id": "434caeff",
   "metadata": {},
   "source": [
    "### Question 12\n",
    "Find sum of all rows in array_11"
   ]
  },
  {
   "cell_type": "code",
   "execution_count": 82,
   "id": "2d720f88",
   "metadata": {},
   "outputs": [
    {
     "name": "stdout",
     "output_type": "stream",
     "text": [
      "[40. 40.]\n"
     ]
    }
   ],
   "source": [
    "array_12 = array_08.reshape(10,2)\n",
    "print(array_12.sum(axis=0))"
   ]
  },
  {
   "cell_type": "markdown",
   "id": "8e591a99",
   "metadata": {},
   "source": [
    "### Question 13\n",
    "Find mean of elements of array_10 'in' each row."
   ]
  },
  {
   "cell_type": "code",
   "execution_count": 56,
   "id": "3f504719",
   "metadata": {},
   "outputs": [
    {
     "name": "stdout",
     "output_type": "stream",
     "text": [
      "[0.45831356 0.35739551 0.36346401 0.06113654 0.20801221 0.00720455]\n"
     ]
    }
   ],
   "source": [
    "array_14 = array_10\n",
    "\n",
    "print(array_14.min(axis =1))"
   ]
  },
  {
   "cell_type": "markdown",
   "id": "0f5259a8",
   "metadata": {},
   "source": [
    "### Question 14\n",
    "Reverse the array_10."
   ]
  },
  {
   "cell_type": "code",
   "execution_count": 57,
   "id": "82019e67",
   "metadata": {},
   "outputs": [
    {
     "name": "stdout",
     "output_type": "stream",
     "text": [
      "[[0.00720455 0.96694978 0.51565395 0.38944369]\n",
      " [0.29784693 0.31630026 0.70318688 0.20801221]\n",
      " [0.50201754 0.72897477 0.06113654 0.70659892]\n",
      " [0.70855547 0.68918849 0.44156632 0.36346401]\n",
      " [0.75502426 0.91236613 0.35739551 0.72256498]\n",
      " [0.45831356 0.68794187 0.78999004 0.68864577]]\n"
     ]
    }
   ],
   "source": [
    "print(array_10[::-1,::-1])"
   ]
  },
  {
   "cell_type": "markdown",
   "id": "cd8f3863",
   "metadata": {},
   "source": [
    "### Question 15\n",
    "Add array [1,2,3,4,5,6] to array_10."
   ]
  },
  {
   "cell_type": "code",
   "execution_count": 59,
   "id": "03d8a538",
   "metadata": {},
   "outputs": [
    {
     "name": "stdout",
     "output_type": "stream",
     "text": [
      "[[1.68864577 2.78999004 3.68794187 4.45831356 5.72256498 6.35739551]\n",
      " [1.91236613 2.75502426 3.36346401 4.44156632 5.68918849 6.70855547]\n",
      " [1.70659892 2.06113654 3.72897477 4.50201754 5.20801221 6.70318688]\n",
      " [1.31630026 2.29784693 3.38944369 4.51565395 5.96694978 6.00720455]]\n"
     ]
    }
   ],
   "source": [
    "array_15 = np.array([1,2,3,4,5,6])\n",
    "print(array_10.reshape(4,6) + array_15 )"
   ]
  },
  {
   "cell_type": "markdown",
   "id": "4f9ad336",
   "metadata": {},
   "source": [
    "### Question 16\n",
    "Print odd column of array_10"
   ]
  },
  {
   "cell_type": "code",
   "execution_count": 64,
   "id": "a16165c2",
   "metadata": {},
   "outputs": [
    {
     "name": "stdout",
     "output_type": "stream",
     "text": [
      "[[0.68864577 0.68794187]\n",
      " [0.72256498 0.91236613]\n",
      " [0.36346401 0.68918849]\n",
      " [0.70659892 0.72897477]\n",
      " [0.20801221 0.31630026]\n",
      " [0.38944369 0.96694978]]\n"
     ]
    }
   ],
   "source": [
    "\n",
    "print(array_10[:,0::2])"
   ]
  },
  {
   "cell_type": "markdown",
   "id": "1050f31b",
   "metadata": {},
   "source": [
    "### Question 17\n",
    "Create 3x3 zeros matrix."
   ]
  },
  {
   "cell_type": "code",
   "execution_count": 66,
   "id": "a82ae6cd",
   "metadata": {},
   "outputs": [
    {
     "data": {
      "text/plain": [
       "array([[0., 0., 0.],\n",
       "       [0., 0., 0.],\n",
       "       [0., 0., 0.]])"
      ]
     },
     "execution_count": 66,
     "metadata": {},
     "output_type": "execute_result"
    }
   ],
   "source": [
    "array_17 = np.zeros((3,3))\n",
    "array_17"
   ]
  },
  {
   "cell_type": "markdown",
   "id": "923daa11",
   "metadata": {},
   "source": [
    "### Question 18\n",
    "Sort the array_10."
   ]
  },
  {
   "cell_type": "code",
   "execution_count": 67,
   "id": "c63b2ac1",
   "metadata": {},
   "outputs": [
    {
     "name": "stdout",
     "output_type": "stream",
     "text": [
      "[[0.45831356 0.68794187 0.68864577 0.78999004]\n",
      " [0.35739551 0.72256498 0.75502426 0.91236613]\n",
      " [0.36346401 0.44156632 0.68918849 0.70855547]\n",
      " [0.06113654 0.50201754 0.70659892 0.72897477]\n",
      " [0.20801221 0.29784693 0.31630026 0.70318688]\n",
      " [0.00720455 0.38944369 0.51565395 0.96694978]]\n"
     ]
    }
   ],
   "source": [
    "print(np.sort(array_10))"
   ]
  },
  {
   "cell_type": "markdown",
   "id": "27e464a0",
   "metadata": {},
   "source": [
    "### Question 19\n",
    "Transpose the array_10 "
   ]
  },
  {
   "cell_type": "code",
   "execution_count": 68,
   "id": "e4069e31",
   "metadata": {},
   "outputs": [
    {
     "name": "stdout",
     "output_type": "stream",
     "text": [
      "[[0.68864577 0.72256498 0.36346401 0.70659892 0.20801221 0.38944369]\n",
      " [0.78999004 0.35739551 0.44156632 0.06113654 0.70318688 0.51565395]\n",
      " [0.68794187 0.91236613 0.68918849 0.72897477 0.31630026 0.96694978]\n",
      " [0.45831356 0.75502426 0.70855547 0.50201754 0.29784693 0.00720455]]\n"
     ]
    }
   ],
   "source": [
    "print(array_10.T)"
   ]
  },
  {
   "cell_type": "markdown",
   "id": "f0dc0f93",
   "metadata": {},
   "source": [
    "### Question 20\n",
    "Create even numbers from 11 to 56."
   ]
  },
  {
   "cell_type": "code",
   "execution_count": 77,
   "id": "b03ef542",
   "metadata": {},
   "outputs": [
    {
     "data": {
      "text/plain": [
       "array([12, 14, 16, 18, 20, 22, 24, 26, 28, 30, 32, 34, 36, 38, 40, 42, 44,\n",
       "       46, 48, 50, 52, 54])"
      ]
     },
     "execution_count": 77,
     "metadata": {},
     "output_type": "execute_result"
    }
   ],
   "source": [
    "array_20 = np.arange(11,56)\n",
    "array_20[array_20 % 2 == 0]"
   ]
  }
 ],
 "metadata": {
  "kernelspec": {
   "display_name": "Python 3",
   "language": "python",
   "name": "python3"
  },
  "language_info": {
   "codemirror_mode": {
    "name": "ipython",
    "version": 3
   },
   "file_extension": ".py",
   "mimetype": "text/x-python",
   "name": "python",
   "nbconvert_exporter": "python",
   "pygments_lexer": "ipython3",
   "version": "3.12.4"
  }
 },
 "nbformat": 4,
 "nbformat_minor": 5
}
